FFT	AudioTools 	v14.10.3 iPad battery  78%	2021/07/10 14:47	Headset Mic 3 Low Range	EB05A3E2-10AC-49FE-A287-06AC06EBE5AD
Frequency	dB	Unweighted
19.5	58.5
19.8	58.5
20.1	58.5
20.3	58.4
20.6	58.4
20.9	58.4
21.2	58.4
21.6	58.4
21.9	58.4
22.2	58.4
22.5	58.4
22.8	58.5
23.2	58.5
23.5	58.5
23.8	58.5
24.2	58.5
24.5	58.5
24.9	58.6
25.3	58.6
25.6	58.6
26	58.6
26.4	58.6
26.8	58.6
27.2	58.5
27.5	58.5
28	58.4
28.4	58.4
28.8	58.3
29.2	58.3
29.6	58.3
30	58.4
30.5	58.4
30.9	58.4
31.4	58.4
31.8	58.3
32.3	58.2
32.8	58.2
33.2	58.2
33.7	58.2
34.2	58.3
34.7	58.4
35.2	58.4
35.7	58.4
36.2	58.4
36.8	58.4
37.3	58.3
37.9	58.2
38.4	58.2
39	58.1
39.5	58
40.1	57.8
40.7	57.6
41.3	57.5
41.9	57.3
42.5	57.3
43.1	57.4
43.7	57.5
44.4	57.6
45	57.6
45.7	57.6
46.3	57.6
47	57.6
47.7	57.6
48.4	57.6
49.1	57.5
49.8	57.5
50.5	57.5
51.3	57.5
52	57.5
52.8	57.4
53.5	57.3
54.3	57
55.1	56.8
55.9	56.6
56.7	56.6
57.5	56.6
58.4	56.5
59.2	56.4
60.1	56.4
61	56.4
61.8	56.3
62.7	56.3
63.7	56.3
64.6	56.2
65.5	56.2
66.5	56.1
67.4	56.1
68.4	56.1
69.4	56.1
70.4	56.1
71.5	56
72.5	55.9
73.5	55.7
74.6	55.6
75.7	55.4
76.8	55.3
77.9	55.3
79.1	55.2
80.2	55.1
81.4	55
82.6	54.8
83.8	54.7
85	54.7
86.2	54.6
87.5	54.6
88.7	54.5
90	54.5
91.3	54.4
92.7	54.2
94	54
95.4	53.8
96.8	53.7
98.2	53.7
99.6	53.7
101	53.6
103	53.5
104	53.4
106	53.3
107	53.2
109	53.1
110	53.1
112	53.1
113	52.9
115	52.7
117	52.5
118	52.4
120	52.4
122	52.4
124	52.3
125	52.1
127	52.1
129	52.2
131	52.1
133	51.9
135	51.7
137	51.6
139	51.5
141	51.5
143	51.4
145	51.2
147	51.1
149	51
151	51
154	50.9
156	50.9
158	50.9
160	50.9
163	50.8
165	50.7
168	50.6
170	50.5
172	50.4
175	50.3
177	50.3
180	50.3
183	50.3
185	50.2
188	50.2
191	50.2
194	50.1
196	50
199	50
202	49.9
205	49.8
208	49.8
211	49.8
214	49.8
217	49.8
220	49.8
224	49.8
227	49.7
230	49.7
234	49.7
237	49.7
240	49.6
244	49.7
247	49.7
251	49.6
255	49.6
258	49.6
262	49.5
266	49.5
270	49.6
274	49.6
278	49.6
282	49.6
286	49.6
290	49.5
294	49.5
298	49.5
303	49.5
307	49.4
312	49.4
316	49.4
321	49.4
325	49.5
330	49.5
335	49.4
340	49.3
345	49.2
350	49.4
355	49.5
360	49.5
365	49.4
371	49.5
376	49.6
382	49.5
387	49.5
393	49.6
398	49.6
404	49.7
410	49.7
416	49.6
422	49.6
428	49.7
434	49.7
441	49.7
447	49.7
454	49.7
460	49.7
467	49.7
474	49.7
481	49.7
488	49.7
495	49.6
502	49.7
509	49.7
517	49.7
524	49.6
532	49.7
540	49.7
547	49.8
555	49.8
563	49.8
572	49.8
580	49.9
588	49.9
597	49.9
606	49.9
614	49.9
623	49.8
632	49.8
642	49.8
651	49.9
660	49.9
670	49.9
680	49.8
690	49.9
700	49.9
710	49.9
720	50
731	50
741	49.9
752	49.9
763	49.9
774	49.9
785	49.9
797	49.9
808	49.9
820	49.9
832	49.9
844	49.9
856	50
869	50
882	50
894	50.1
907	50.1
921	50.1
934	50.1
948	50.2
961	50.2
975	50.3
990	50.4
1004	50.5
1019	50.5
1033	50.6
1048	50.7
1064	50.8
1079	50.9
1095	51.1
1111	51.2
1127	51.4
1143	51.5
1160	51.6
1177	51.9
1194	52.1
1211	52.3
1229	52.5
1247	52.6
1265	52.7
1283	52.9
1302	53
1321	53.3
1340	53.4
1360	53.5
1379	53.7
1399	53.7
1420	53.9
1440	54
1461	54.1
1483	54.2
1504	54.3
1526	54.5
1548	54.6
1571	54.7
1594	54.7
1617	54.9
1640	54.9
1664	55
1688	55.1
1713	55.3
1738	55.4
1763	55.6
1789	55.6
1815	55.8
1841	55.9
1868	56.1
1895	56.2
1923	56.3
1951	56.5
1979	56.6
2008	56.8
2037	56.9
2067	57
2097	57.1
2127	57.2
2158	57.4
2190	57.5
2221	57.7
2254	57.8
2287	57.9
2320	58.1
2354	58.2
2388	58.3
2423	58.3
2458	58.4
2494	58.5
2530	58.6
2567	58.6
2604	58.6
2642	58.6
2680	58.6
2719	58.6
2759	58.6
2799	58.5
2840	58.5
2881	58.5
2923	58.4
2965	58.4
3008	58.3
3052	58.2
3097	58.1
3142	58
3187	57.9
3234	57.8
3281	57.7
3328	57.6
3377	57.5
3426	57.4
3476	57.2
3526	57.1
3578	57
3630	56.9
3682	56.8
3736	56.7
3790	56.6
3846	56.6
3901	56.5
3958	56.4
4016	56.4
4074	56.4
4133	56.5
4194	56.5
4255	56.5
4316	56.5
4379	56.6
4443	56.6
4508	56.7
4573	56.7
4640	56.7
4707	56.8
4776	56.7
4845	56.7
4916	56.6
4987	56.5
5060	56.4
5133	56.3
5208	56.1
5284	55.8
5360	55.5
5438	55.1
5518	54.7
5598	54.3
5679	53.9
5762	53.6
5846	53.3
5931	53
6017	52.9
6104	52.8
6193	52.8
6283	52.8
6375	52.8
6467	52.9
6561	53
6657	53.2
6754	53.4
6852	53.6
6952	53.7
7053	53.8
7155	53.9
7259	53.9
7365	53.8
7472	53.7
7581	53.6
7691	53.3
7803	53.1
7916	52.7
8032	52.4
8148	52.1
8267	51.7
8387	51.2
8509	50.7
8633	50.2
8758	49.6
8886	49.1
9015	48.6
9146	48.2
9279	47.9
9414	47.6
9551	47.5
9690	47.5
9831	47.6
9974	47.9
10119	48.2
10266	48.7
10416	49.1
10567	49.6
10721	50
10877	50.3
11035	50.4
11196	50.4
11358	50.2
11524	50
11691	49.7
11861	49.3
12034	49
12209	48.8
12386	48.8
12567	48.8
12749	48.8
12935	49
13123	49.2
13314	49.5
13507	49.8
13704	50.2
13903	50.5
14105	50.8
14311	51.2
14519	51.6
14730	51.8
14944	52
15162	52
15382	51.6
15606	51.2
15833	50.6
16063	49.8
16297	48.8
16534	48
16774	47.2
17018	46.6
17266	46
17517	45.5
17772	44.9
18030	44.3
18293	43.6
18559	42.8
18829	41.8
19102	40.6
19380	39
20000	37.6
overall dB	84.3 dB
decay	Average
averaging	1/12 Octave
source	Headset Mic 3 Low Range
latitude	0
longitude	0
saved	2021/07/10 14:47
peak	19.0Hz