* Measurement data measured by REW V5.20.13
* Source: EXCL: Mic in at front panel (Pink) (Realtek(R) Audio), no input selected, L, volume: 0.250
* Format: 256k Log Swept Sine, 1 sweep at -12.0 dBFS with no timing reference
* Dated: Oct 4, 2022 11:49:28 PM
* REW Settings:
*  C-weighting compensation: Off
*  Target level: 75.0 dB
* Note: Moondrop Stellaris L
* Measurement: Moondrop Stellaris L
* Smoothing: 1/12 octave
* Frequency Step: 1/48 octave
* Start Frequency: 20.000 Hz
*
* Freq(Hz)	SPL(dB)	Phase(degrees)
20.000000	85.924	15.8239
20.299999	85.936	15.1921
20.600000	85.943	14.5582
20.900000	85.945	13.9279
21.200001	85.942	13.3079
21.400000	85.936	12.9015
21.799999	85.920	12.1056
22.000000	85.908	11.7166
22.400000	85.881	10.9596
22.700001	85.856	10.4148
23.000000	85.831	9.8916
23.299999	85.806	9.3842
23.600000	85.783	8.8826
24.000000	85.756	8.2073
24.299999	85.736	7.6908
24.700001	85.711	6.9955
25.000000	85.693	6.4764
25.400000	85.674	5.7854
25.799999	85.659	5.0704
26.200001	85.645	4.3057
26.500000	85.629	3.7089
26.900000	85.595	2.9315
27.200001	85.563	2.4103
27.600000	85.518	1.8375
28.000000	85.484	1.3783
28.500000	85.466	0.8196
29.000000	85.454	0.1371
29.500000	85.421	-0.6200
30.000000	85.363	-1.2667
30.400000	85.315	-1.6494
30.700001	85.288	-1.8927
31.100000	85.263	-2.2490
31.500000	85.243	-2.7036
32.000000	85.205	-3.3917
32.500000	85.144	-4.0741
33.000000	85.076	-4.6306
33.500000	85.022	-5.0786
34.000000	84.989	-5.5143
34.500000	84.970	-5.9929
35.000000	84.953	-6.4725
35.500000	84.934	-6.8386
36.000000	84.928	-6.9886
36.500000	84.956	-6.9277
37.000000	85.030	-6.8116
37.500000	85.134	-6.8372
38.200001	85.257	-7.2030
38.700001	85.295	-7.4974
39.500000	85.291	-7.5867
40.000000	85.279	-7.4683
40.599998	85.258	-7.3813
41.200001	85.210	-7.5022
41.799999	85.117	-7.8819
42.500000	84.928	-8.6385
43.099998	84.681	-9.3616
43.700001	84.375	-9.8598
44.400002	84.015	-10.0336
45.000000	83.767	-9.9778
45.500000	83.628	-9.9020
46.200001	83.562	-9.8860
46.799999	83.630	-10.2007
47.500000	83.785	-11.2843
48.200001	83.909	-12.9527
48.700001	83.947	-14.1071
49.400002	83.965	-15.2520
50.000000	83.995	-15.9106
50.799999	84.034	-16.9005
51.500000	83.984	-17.9502
52.200001	83.833	-18.7274
53.000000	83.627	-19.0681
53.799999	83.466	-19.3796
54.500000	83.335	-19.9663
55.200001	83.171	-20.5567
56.000000	82.990	-20.7162
57.000000	82.919	-20.3184
58.000000	83.003	-20.3815
59.000000	83.031	-21.0699
60.000000	82.924	-21.3800
60.799999	82.827	-21.0931
61.500000	82.792	-20.8389
62.200001	82.791	-21.0146
63.000000	82.768	-21.8296
64.000000	82.648	-22.9462
65.000000	82.540	-23.0873
66.000000	82.607	-22.3618
67.000000	82.831	-21.5469
68.000000	83.058	-21.0259
69.000000	83.134	-20.6163
70.000000	83.007	-19.6647
71.000000	82.785	-18.0683
72.000000	82.562	-16.8156
73.000000	82.305	-16.5637
74.000000	82.006	-17.0236
75.000000	81.756	-17.8718
76.199997	81.606	-19.2616
77.500000	81.611	-20.5624
78.800003	81.755	-21.0566
80.000000	81.941	-21.0742
81.199997	82.090	-21.2028
82.500000	82.135	-21.9504
83.800003	82.036	-23.4238
85.000000	81.839	-25.1738
86.199997	81.584	-26.8345
87.500000	81.312	-28.1056
88.500000	81.124	-28.6312
90.000000	80.849	-28.3605
91.199997	80.670	-27.0143
92.500000	80.597	-24.8905
93.800003	80.649	-22.9452
95.000000	80.745	-21.7643
96.199997	80.829	-21.2043
97.500000	80.877	-21.1010
98.800003	80.877	-21.2491
100.000000	80.848	-21.4014
101.500000	80.808	-21.5098
103.000000	80.775	-21.6774
104.400002	80.723	-21.9724
106.000000	80.635	-22.3240
107.500000	80.570	-22.6233
109.000000	80.540	-22.9700
110.599998	80.501	-23.1206
112.000000	80.432	-22.7419
113.800003	80.274	-21.8489
115.000000	80.092	-21.3835
117.199997	79.636	-20.4591
118.000000	79.521	-19.8284
120.599998	79.706	-18.6917
122.000000	79.898	-20.2639
124.099998	79.978	-23.0497
125.000000	79.971	-23.7244
126.500000	79.919	-24.2075
128.000000	79.802	-24.1030
131.500000	79.564	-22.3099
132.000000	79.565	-22.0579
134.000000	79.626	-21.3771
136.000000	79.693	-21.0761
138.000000	79.717	-20.9825
140.000000	79.700	-21.0041
143.000000	79.624	-21.0413
145.000000	79.528	-21.1238
147.500000	79.372	-21.2657
150.000000	79.240	-21.3553
152.500000	79.165	-21.2264
155.000000	79.142	-21.0384
157.500000	79.144	-21.0365
160.000000	79.136	-21.0153
162.500000	79.091	-20.6301
165.000000	78.992	-20.0277
167.500000	78.849	-19.5917
170.000000	78.709	-19.4390
172.500000	78.620	-19.4301
175.000000	78.577	-19.3604
177.500000	78.547	-19.1130
180.000000	78.517	-18.7930
182.500000	78.480	-18.5359
185.000000	78.437	-18.3173
187.500000	78.397	-18.1154
190.000000	78.363	-18.0277
192.500000	78.321	-18.0601
195.000000	78.256	-17.9979
197.500000	78.183	-17.6616
200.000000	78.126	-17.1551
203.000000	78.090	-16.6268
206.000000	78.068	-16.3181
209.000000	78.041	-16.1648
212.000000	77.999	-16.0170
214.000000	77.961	-15.8444
218.000000	77.873	-15.2974
220.000000	77.828	-14.9851
224.000000	77.740	-14.4283
227.000000	77.671	-14.1388
230.000000	77.603	-14.0220
233.000000	77.544	-14.1002
236.000000	77.508	-14.3047
240.000000	77.506	-14.4959
243.000000	77.534	-14.3460
247.000000	77.564	-13.6326
250.000000	77.550	-12.8784
254.000000	77.484	-11.9677
258.000000	77.414	-11.3738
262.000000	77.372	-11.0029
265.000000	77.349	-10.7700
269.000000	77.316	-10.4473
272.000000	77.291	-10.1836
276.000000	77.260	-9.8051
280.000000	77.239	-9.3889
285.000000	77.221	-8.8518
290.000000	77.206	-8.4296
295.000000	77.184	-8.1152
300.000000	77.150	-7.8027
304.000000	77.120	-7.5233
307.000000	77.099	-7.2989
311.000000	77.071	-6.9986
315.000000	77.042	-6.7010
320.000000	77.004	-6.3053
325.000000	76.969	-5.8665
330.000000	76.940	-5.4107
335.000000	76.915	-4.9717
340.000000	76.892	-4.5594
345.000000	76.868	-4.1599
350.000000	76.844	-3.7566
355.000000	76.822	-3.3464
360.000000	76.802	-2.9333
365.000000	76.783	-2.5189
370.000000	76.763	-2.1021
375.000000	76.744	-1.6825
382.000000	76.720	-1.0933
387.000000	76.704	-0.6724
395.000000	76.683	-0.0031
400.000000	76.671	0.4093
406.000000	76.660	0.8938
412.000000	76.648	1.3682
418.000000	76.635	1.8497
425.000000	76.620	2.4407
431.000000	76.613	2.9617
437.000000	76.612	3.4714
444.000000	76.617	4.0383
450.000000	76.626	4.4836
455.000000	76.634	4.8085
462.000000	76.638	5.2076
468.000000	76.632	5.5536
475.000000	76.620	6.0028
482.000000	76.610	6.4816
487.000000	76.602	6.8251
494.000000	76.590	7.3204
500.000000	76.581	7.7722
508.000000	76.575	8.3827
515.000000	76.573	8.8970
522.000000	76.571	9.4042
530.000000	76.568	10.0061
538.000000	76.568	10.6302
545.000000	76.572	11.1727
552.000000	76.578	11.7072
560.000000	76.589	12.3059
570.000000	76.602	13.0323
580.000000	76.614	13.7570
590.000000	76.625	14.4949
600.000000	76.637	15.2535
608.000000	76.651	15.8634
615.000000	76.665	16.3896
622.000000	76.677	16.9203
630.000000	76.693	17.5536
640.000000	76.720	18.3807
650.000000	76.756	19.2158
660.000000	76.805	20.0253
670.000000	76.861	20.7491
680.000000	76.914	21.3856
690.000000	76.958	21.9963
700.000000	76.997	22.6285
710.000000	77.037	23.2916
720.000000	77.079	23.9664
730.000000	77.124	24.6415
740.000000	77.171	25.3182
750.000000	77.220	25.9990
762.000000	77.282	26.8231
775.000000	77.354	27.7205
788.000000	77.432	28.6189
800.000000	77.509	29.4588
812.000000	77.597	30.3035
825.000000	77.706	31.1612
838.000000	77.820	31.9007
850.000000	77.920	32.5070
862.000000	78.012	33.0954
875.000000	78.109	33.7433
885.000000	78.185	34.2515
900.000000	78.302	35.0138
912.000000	78.397	35.6238
925.000000	78.505	36.2781
938.000000	78.618	36.9058
950.000000	78.723	37.4514
962.000000	78.828	37.9722
975.000000	78.940	38.5249
988.000000	79.054	39.0735
1000.000000	79.159	39.5814
1015.000000	79.295	40.2324
1030.000000	79.442	40.8815
1044.000000	79.591	41.4275
1060.000000	79.763	41.9283
1075.000000	79.917	42.3097
1090.000000	80.062	42.6614
1106.000000	80.213	43.0280
1120.000000	80.342	43.3477
1138.000000	80.505	43.7675
1150.000000	80.614	44.0558
1172.000000	80.820	44.6025
1180.000000	80.898	44.8047
1206.000000	81.170	45.3931
1220.000000	81.321	45.6089
1241.000000	81.535	45.8164
1250.000000	81.622	45.8877
1265.000000	81.761	46.0080
1280.000000	81.896	46.1407
1315.000000	82.210	46.5027
1320.000000	82.255	46.5556
1340.000000	82.436	46.7601
1360.000000	82.615	46.9674
1380.000000	82.795	47.2076
1400.000000	82.984	47.5005
1430.000000	83.297	47.9283
1450.000000	83.519	48.1071
1475.000000	83.797	48.2224
1500.000000	84.074	48.2703
1525.000000	84.352	48.2870
1550.000000	84.639	48.2952
1575.000000	84.945	48.2737
1600.000000	85.271	48.1214
1625.000000	85.603	47.7768
1650.000000	85.932	47.2772
1675.000000	86.259	46.6644
1700.000000	86.587	45.9410
1725.000000	86.915	45.0876
1750.000000	87.240	44.1115
1775.000000	87.566	43.0404
1800.000000	87.900	41.8545
1825.000000	88.240	40.4689
1850.000000	88.575	38.8286
1875.000000	88.895	36.9381
1900.000000	89.193	34.8260
1925.000000	89.466	32.5272
1950.000000	89.716	30.0612
1975.000000	89.942	27.4088
2000.000000	90.133	24.5510
2030.000000	90.305	20.9004
2060.000000	90.406	17.1156
2090.000000	90.437	13.2893
2120.000000	90.394	9.5022
2140.000000	90.324	7.0593
2180.000000	90.095	2.5581
2200.000000	89.946	0.5493
2240.000000	89.602	-2.9348
2270.000000	89.325	-5.0756
2300.000000	89.053	-6.8689
2330.000000	88.800	-8.4352
2360.000000	88.568	-9.9288
2400.000000	88.263	-11.9678
2430.000000	88.012	-13.4916
2470.000000	87.633	-15.3264
2500.000000	87.317	-16.4355
2540.000000	86.870	-17.4225
2580.000000	86.426	-17.8030
2620.000000	86.021	-17.7054
2650.000000	85.754	-17.4303
2690.000000	85.446	-16.9084
2720.000000	85.251	-16.4600
2760.000000	85.036	-15.8865
2800.000000	84.860	-15.4412
2850.000000	84.664	-15.1188
2900.000000	84.462	-14.9961
2950.000000	84.237	-14.8889
3000.000000	83.996	-14.6579
3040.000000	83.797	-14.3587
3070.000000	83.645	-14.0475
3110.000000	83.447	-13.4922
3150.000000	83.264	-12.7991
3200.000000	83.064	-11.8405
3250.000000	82.890	-10.8807
3300.000000	82.728	-9.9473
3350.000000	82.567	-8.9752
3400.000000	82.409	-7.9065
3450.000000	82.259	-6.7056
3500.000000	82.126	-5.3364
3550.000000	82.026	-3.8417
3600.000000	81.964	-2.3414
3650.000000	81.932	-0.9305
3700.000000	81.913	0.3822
3750.000000	81.901	1.6509
3820.000000	81.896	3.4189
3870.000000	81.902	4.7203
3950.000000	81.950	6.9459
4000.000000	82.017	8.3690
4060.000000	82.139	9.9989
4120.000000	82.299	11.4845
4180.000000	82.495	12.7773
4250.000000	82.756	13.9584
4310.000000	82.996	14.6714
4370.000000	83.245	15.0926
4440.000000	83.531	15.1766
4500.000000	83.755	14.9246
4550.000000	83.921	14.5400
4620.000000	84.119	13.8090
4680.000000	84.255	13.0820
4750.000000	84.385	12.1979
4820.000000	84.494	11.2683
4870.000000	84.560	10.5505
4940.000000	84.632	9.4561
5000.000000	84.669	8.4319
5080.000000	84.674	6.9919
5150.000000	84.634	5.7521
5220.000000	84.557	4.5849
5300.000000	84.429	3.3721
5380.000000	84.258	2.3308
5450.000000	84.074	1.6115
5520.000000	83.861	1.1462
5600.000000	83.597	0.9828
5700.000000	83.262	1.3068
5800.000000	82.939	2.1321
5900.000000	82.634	3.4215
6000.000000	82.360	5.2144
6080.000000	82.181	6.9820
6150.000000	82.066	8.7132
6220.000000	81.994	10.5544
6300.000000	81.967	12.7197
6400.000000	82.014	15.3745
6500.000000	82.134	17.7720
6600.000000	82.285	19.8255
6700.000000	82.433	21.7032
6800.000000	82.583	23.7102
6900.000000	82.781	26.0113
7000.000000	83.076	28.5169
7100.000000	83.496	31.0056
7200.000000	84.056	33.2509
7300.000000	84.762	34.9983
7400.000000	85.606	35.9057
7500.000000	86.550	35.5540
7620.000000	87.713	32.8309
7750.000000	88.815	26.2909
7880.000000	89.487	15.9725
8000.000000	89.533	4.6125
8120.000000	88.978	-5.8859
8250.000000	87.822	-13.7359
8380.000000	86.343	-17.0759
8500.000000	84.934	-16.7607
8620.000000	83.659	-14.1746
8750.000000	82.534	-9.8206
8850.000000	81.862	-5.8083
9000.000000	81.135	0.9791
9120.000000	80.781	7.1109
9250.000000	80.693	14.6570
9380.000000	81.078	22.8663
9500.000000	81.917	29.9744
9620.000000	83.098	35.5064
9750.000000	84.578	39.0553
9880.000000	86.113	39.6797
10000.000000	87.441	37.2540
10150.000000	88.765	29.8552
10300.000000	89.501	18.5461
10440.000000	89.569	6.8809
10600.000000	89.005	-4.4133
10750.000000	88.090	-11.4013
10900.000000	87.066	-15.1548
11060.000000	86.077	-16.8261
11200.000000	85.387	-17.3585
11380.000000	84.717	-17.7375
11500.000000	84.362	-17.9594
11720.000000	83.882	-18.4227
11800.000000	83.772	-18.8344
12060.000000	83.466	-22.4583
12200.000000	83.133	-25.4681
12410.000000	82.245	-28.7532
12500.000000	81.783	-29.2259
12650.000000	81.059	-29.2822
12800.000000	80.439	-29.4857
13150.000000	78.699	-29.1124
13200.000000	78.392	-28.3859
13400.000000	77.225	-23.5819
13600.000000	76.412	-17.2728
13800.000000	76.045	-10.7954
14000.000000	76.138	-4.5802
14300.000000	77.029	1.4482
14500.000000	77.767	1.6898
14750.000000	78.531	-2.0168
15000.000000	78.976	-9.4730
15250.000000	78.908	-19.5654
15500.000000	78.182	-29.4323
15750.000000	76.987	-36.5823
16000.000000	75.821	-42.7319
16250.000000	74.944	-52.1781
16500.000000	73.987	-65.8483
16750.000000	72.289	-74.8387
17000.000000	69.505	-63.3884
17250.000000	65.880	-30.2185
17500.000000	62.458	4.0352
17750.000000	60.862	25.2438
18000.000000	60.878	34.9629
18250.000000	61.120	39.3712
18500.000000	61.184	43.1596
18750.000000	61.256	47.6621
19000.000000	61.459	51.9162
19250.000000	61.682	54.8925
19500.000000	61.680	56.8989
19750.000000	61.345	60.0013
20000.000000	60.945	64.8815
